 0.5 0.5524861878453039 0.6097560975609756 0.67114093959731547 0.73529411764705888 0.80000000000000004 0.86206896551724144 0.91743119266055062 0.96153846153846145 0.99009900990099009 1 0.99009900990099009 0.96153846153846145 0.9174311926605504 0.86206896551724133 0.80000000000000004 0.73529411764705876 0.67114093959731536 0.6097560975609756 0.55248618784530379 0.5
 0.49723756906077349 0.55555555555555558 0.6206896551724137 0.69230769230769229 0.76923076923076927 0.84905660377358494 0.92783505154639179 1 1.0588235294117647 1.097560975609756 1.1111111111111112 1.097560975609756 1.0588235294117647 0.99999999999999989 0.92783505154639156 0.84905660377358494 0.76923076923076916 0.69230769230769218 0.6206896551724137 0.55555555555555547 0.49723756906077349
 0.48780487804878048 0.55172413793103448 0.62499999999999989 0.70796460176991149 0.80000000000000004 0.898876404494382 1 1.095890410958904 1.1764705882352939 1.2307692307692306 1.2499999999999998 1.2307692307692306 1.1764705882352939 1.0958904109589038 0.99999999999999978 0.898876404494382 0.79999999999999982 0.70796460176991138 0.62499999999999989 0.55172413793103436 0.48780487804878048
 0.46979865771812079 0.53846153846153844 0.61946902654867242 0.7142857142857143 0.82352941176470595 0.94594594594594594 1.0769230769230771 1.2068965517241381 1.3207547169811322 1.4000000000000001 1.4285714285714286 1.4000000000000001 1.320754716981132 1.2068965517241379 1.0769230769230769 0.94594594594594594 0.82352941176470573 0.71428571428571408 0.61946902654867242 0.53846153846153832 0.46979865771812079
 0.44117647058823534 0.51282051282051289 0.59999999999999998 0.70588235294117652 0.83333333333333337 0.98360655737704916 1.153846153846154 1.3333333333333335 1.5 1.6216216216216215 1.6666666666666667 1.6216216216216215 1.4999999999999996 1.3333333333333333 1.1538461538461535 0.98360655737704916 0.83333333333333326 0.70588235294117618 0.59999999999999998 0.51282051282051266 0.44117647058823534
 0.40000000000000002 0.47169811320754712 0.56179775280898869 0.67567567567567566 0.81967213114754101 1 1.2195121951219514 1.4705882352941178 1.7241379310344829 1.9230769230769229 2 1.9230769230769229 1.7241379310344822 1.4705882352941175 1.2195121951219507 1 0.81967213114754089 0.67567567567567544 0.56179775280898869 0.47169811320754707 0.40000000000000002
 0.34482758620689652 0.41237113402061848 0.49999999999999989 0.61538461538461531 0.76923076923076916 0.97560975609756095 1.2500000000000004 1.6000000000000003 2.0000000000000004 2.3529411764705888 2.5000000000000009 2.3529411764705888 1.9999999999999998 1.6000000000000001 1.2499999999999996 0.97560975609756095 0.76923076923076905 0.61538461538461509 0.49999999999999989 0.41237113402061837 0.34482758620689652
 0.2752293577981651 0.33333333333333326 0.41095890410958891 0.51724137931034486 0.66666666666666663 0.88235294117647045 1.2000000000000002 1.6666666666666672 2.3076923076923079 3.0000000000000009 3.3333333333333344 3 2.3076923076923066 1.6666666666666663 1.1999999999999995 0.88235294117647045 0.66666666666666641 0.51724137931034453 0.41095890410958891 0.33333333333333315 0.2752293577981651
 0.19230769230769226 0.23529411764705874 0.29411764705882337 0.37735849056603771 0.49999999999999994 0.68965517241379304 1.0000000000000002 1.5384615384615388 2.5000000000000009 4.0000000000000009 5.0000000000000018 3.9999999999999996 2.4999999999999982 1.5384615384615381 0.99999999999999933 0.68965517241379304 0.49999999999999978 0.37735849056603749 0.29411764705882337 0.23529411764705868 0.19230769230769226
 0.099009900990098987 0.12195121951219509 0.15384615384615377 0.19999999999999998 0.27027027027027023 0.38461538461538453 0.58823529411764719 1.0000000000000002 2.0000000000000004 5.0000000000000018 10.000000000000004 4.9999999999999964 1.9999999999999969 0.99999999999999956 0.58823529411764663 0.38461538461538453 0.27027027027027012 0.19999999999999987 0.15384615384615377 0.12195121951219505 0.099009900990098987
 -0 -0 -0 -0 -0 -0 -0 -0 -0 -0 0 -0 -0 -0 -0 -0 -0 -0 -0 -0 -0
 -0.099009900990099098 -0.12195121951219522 -0.15384615384615394 -0.20000000000000021 -0.27027027027027051 -0.38461538461538497 -0.58823529411764786 -1.0000000000000011 -2.0000000000000018 -5.0000000000000018 -9.9999999999999911 -4.9999999999999956 -1.9999999999999984 -1.0000000000000004 -0.58823529411764719 -0.38461538461538497 -0.27027027027027045 -0.20000000000000004 -0.15384615384615394 -0.12195121951219519 -0.099009900990099098
 -0.19230769230769248 -0.23529411764705901 -0.29411764705882371 -0.37735849056603804 -0.50000000000000033 -0.68965517241379348 -1.0000000000000009 -1.5384615384615394 -2.5000000000000009 -3.9999999999999982 -4.9999999999999956 -3.9999999999999969 -2.4999999999999978 -1.5384615384615388 -1 -0.68965517241379348 -0.50000000000000022 -0.37735849056603782 -0.29411764705882371 -0.23529411764705896 -0.19230769230769248
 -0.27522935779816515 -0.33333333333333331 -0.41095890410958896 -0.51724137931034497 -0.66666666666666674 -0.88235294117647067 -1.2000000000000004 -1.666666666666667 -2.3076923076923079 -3 -3.333333333333333 -2.9999999999999991 -2.3076923076923066 -1.6666666666666665 -1.1999999999999997 -0.88235294117647067 -0.66666666666666663 -0.51724137931034464 -0.41095890410958896 -0.33333333333333326 -0.27522935779816515
 -0.34482758620689663 -0.41237113402061859 -0.5 -0.61538461538461553 -0.76923076923076927 -0.97560975609756095 -1.2500000000000002 -1.6000000000000001 -1.9999999999999998 -2.3529411764705879 -2.4999999999999991 -2.3529411764705874 -1.9999999999999989 -1.5999999999999999 -1.2499999999999996 -0.97560975609756095 -0.76923076923076916 -0.61538461538461531 -0.5 -0.41237113402061853 -0.34482758620689663
 -0.40000000000000002 -0.47169811320754712 -0.56179775280898869 -0.67567567567567566 -0.81967213114754101 -1 -1.2195121951219514 -1.4705882352941178 -1.7241379310344829 -1.9230769230769229 -2 -1.9230769230769229 -1.7241379310344822 -1.4705882352941175 -1.2195121951219507 -1 -0.81967213114754089 -0.67567567567567544 -0.56179775280898869 -0.47169811320754707 -0.40000000000000002
 -0.44117647058823534 -0.51282051282051277 -0.59999999999999998 -0.70588235294117652 -0.83333333333333337 -0.98360655737704916 -1.153846153846154 -1.3333333333333333 -1.5 -1.6216216216216215 -1.6666666666666665 -1.6216216216216215 -1.4999999999999996 -1.3333333333333333 -1.1538461538461535 -0.98360655737704916 -0.83333333333333326 -0.70588235294117629 -0.59999999999999998 -0.51282051282051277 -0.44117647058823534
 -0.46979865771812085 -0.53846153846153844 -0.61946902654867253 -0.7142857142857143 -0.82352941176470584 -0.94594594594594594 -1.0769230769230769 -1.2068965517241379 -1.3207547169811318 -1.3999999999999997 -1.4285714285714282 -1.3999999999999995 -1.3207547169811316 -1.2068965517241377 -1.0769230769230766 -0.94594594594594594 -0.82352941176470584 -0.71428571428571408 -0.61946902654867253 -0.53846153846153844 -0.46979865771812085
 -0.48780487804878048 -0.55172413793103448 -0.62499999999999989 -0.70796460176991149 -0.80000000000000004 -0.898876404494382 -1 -1.095890410958904 -1.1764705882352939 -1.2307692307692306 -1.2499999999999998 -1.2307692307692306 -1.1764705882352939 -1.0958904109589038 -0.99999999999999978 -0.898876404494382 -0.79999999999999982 -0.70796460176991138 -0.62499999999999989 -0.55172413793103436 -0.48780487804878048
 -0.49723756906077349 -0.55555555555555558 -0.6206896551724137 -0.69230769230769229 -0.76923076923076905 -0.84905660377358483 -0.92783505154639168 -0.99999999999999989 -1.0588235294117645 -1.097560975609756 -1.1111111111111109 -1.097560975609756 -1.0588235294117645 -0.99999999999999978 -0.92783505154639145 -0.84905660377358483 -0.76923076923076905 -0.69230769230769218 -0.6206896551724137 -0.55555555555555547 -0.49723756906077349
 -0.5 -0.5524861878453039 -0.6097560975609756 -0.67114093959731547 -0.73529411764705888 -0.80000000000000004 -0.86206896551724144 -0.91743119266055062 -0.96153846153846145 -0.99009900990099009 -1 -0.99009900990099009 -0.96153846153846145 -0.9174311926605504 -0.86206896551724133 -0.80000000000000004 -0.73529411764705876 -0.67114093959731536 -0.6097560975609756 -0.55248618784530379 -0.5
 -0.5 -0.49723756906077349 -0.48780487804878048 -0.46979865771812079 -0.44117647058823534 -0.40000000000000002 -0.34482758620689652 -0.2752293577981651 -0.19230769230769226 -0.099009900990098987 0 0.099009900990099098 0.19230769230769248 0.27522935779816515 0.34482758620689663 0.40000000000000002 0.44117647058823534 0.46979865771812085 0.48780487804878048 0.49723756906077349 0.5
 -0.5524861878453039 -0.55555555555555558 -0.55172413793103448 -0.53846153846153844 -0.51282051282051289 -0.47169811320754712 -0.41237113402061848 -0.33333333333333326 -0.23529411764705874 -0.12195121951219509 0 0.12195121951219522 0.23529411764705901 0.33333333333333331 0.41237113402061859 0.47169811320754712 0.51282051282051277 0.53846153846153844 0.55172413793103448 0.55555555555555558 0.5524861878453039
 -0.6097560975609756 -0.6206896551724137 -0.62499999999999989 -0.61946902654867242 -0.59999999999999998 -0.56179775280898869 -0.49999999999999989 -0.41095890410958891 -0.29411764705882337 -0.15384615384615377 0 0.15384615384615394 0.29411764705882371 0.41095890410958896 0.5 0.56179775280898869 0.59999999999999998 0.61946902654867253 0.62499999999999989 0.6206896551724137 0.6097560975609756
 -0.67114093959731547 -0.69230769230769229 -0.70796460176991149 -0.7142857142857143 -0.70588235294117652 -0.67567567567567566 -0.61538461538461531 -0.51724137931034486 -0.37735849056603771 -0.19999999999999998 0 0.20000000000000021 0.37735849056603804 0.51724137931034497 0.61538461538461553 0.67567567567567566 0.70588235294117652 0.7142857142857143 0.70796460176991149 0.69230769230769229 0.67114093959731547
 -0.73529411764705888 -0.76923076923076927 -0.80000000000000004 -0.82352941176470595 -0.83333333333333337 -0.81967213114754101 -0.76923076923076916 -0.66666666666666663 -0.49999999999999994 -0.27027027027027023 0 0.27027027027027051 0.50000000000000033 0.66666666666666674 0.76923076923076927 0.81967213114754101 0.83333333333333337 0.82352941176470584 0.80000000000000004 0.76923076923076905 0.73529411764705888
 -0.80000000000000004 -0.84905660377358494 -0.898876404494382 -0.94594594594594594 -0.98360655737704916 -1 -0.97560975609756095 -0.88235294117647045 -0.68965517241379304 -0.38461538461538453 0 0.38461538461538497 0.68965517241379348 0.88235294117647067 0.97560975609756095 1 0.98360655737704916 0.94594594594594594 0.898876404494382 0.84905660377358483 0.80000000000000004
 -0.86206896551724144 -0.92783505154639179 -1 -1.0769230769230771 -1.153846153846154 -1.2195121951219514 -1.2500000000000004 -1.2000000000000002 -1.0000000000000002 -0.58823529411764719 0 0.58823529411764786 1.0000000000000009 1.2000000000000004 1.2500000000000002 1.2195121951219514 1.153846153846154 1.0769230769230769 1 0.92783505154639168 0.86206896551724144
 -0.91743119266055062 -1 -1.095890410958904 -1.2068965517241381 -1.3333333333333335 -1.4705882352941178 -1.6000000000000003 -1.6666666666666672 -1.5384615384615388 -1.0000000000000002 0 1.0000000000000011 1.5384615384615394 1.666666666666667 1.6000000000000001 1.4705882352941178 1.3333333333333333 1.2068965517241379 1.095890410958904 0.99999999999999989 0.91743119266055062
 -0.96153846153846145 -1.0588235294117647 -1.1764705882352939 -1.3207547169811322 -1.5 -1.7241379310344829 -2.0000000000000004 -2.3076923076923079 -2.5000000000000009 -2.0000000000000004 0 2.0000000000000018 2.5000000000000009 2.3076923076923079 1.9999999999999998 1.7241379310344829 1.5 1.3207547169811318 1.1764705882352939 1.0588235294117645 0.96153846153846145
 -0.99009900990099009 -1.097560975609756 -1.2307692307692306 -1.4000000000000001 -1.6216216216216215 -1.9230769230769229 -2.3529411764705888 -3.0000000000000009 -4.0000000000000009 -5.0000000000000018 0 5.0000000000000018 3.9999999999999982 3 2.3529411764705879 1.9230769230769229 1.6216216216216215 1.3999999999999997 1.2307692307692306 1.097560975609756 0.99009900990099009
 -1 -1.1111111111111112 -1.2499999999999998 -1.4285714285714286 -1.6666666666666667 -2 -2.5000000000000009 -3.3333333333333344 -5.0000000000000018 -10.000000000000004 0 9.9999999999999911 4.9999999999999956 3.333333333333333 2.4999999999999991 2 1.6666666666666665 1.4285714285714282 1.2499999999999998 1.1111111111111109 1
 -0.99009900990099009 -1.097560975609756 -1.2307692307692306 -1.4000000000000001 -1.6216216216216215 -1.9230769230769229 -2.3529411764705888 -3 -3.9999999999999996 -4.9999999999999964 0 4.9999999999999956 3.9999999999999969 2.9999999999999991 2.3529411764705874 1.9230769230769229 1.6216216216216215 1.3999999999999995 1.2307692307692306 1.097560975609756 0.99009900990099009
 -0.96153846153846145 -1.0588235294117647 -1.1764705882352939 -1.320754716981132 -1.4999999999999996 -1.7241379310344822 -1.9999999999999998 -2.3076923076923066 -2.4999999999999982 -1.9999999999999969 0 1.9999999999999984 2.4999999999999978 2.3076923076923066 1.9999999999999989 1.7241379310344822 1.4999999999999996 1.3207547169811316 1.1764705882352939 1.0588235294117645 0.96153846153846145
 -0.9174311926605504 -0.99999999999999989 -1.0958904109589038 -1.2068965517241379 -1.3333333333333333 -1.4705882352941175 -1.6000000000000001 -1.6666666666666663 -1.5384615384615381 -0.99999999999999956 0 1.0000000000000004 1.5384615384615388 1.6666666666666665 1.5999999999999999 1.4705882352941175 1.3333333333333333 1.2068965517241377 1.0958904109589038 0.99999999999999978 0.9174311926605504
 -0.86206896551724133 -0.92783505154639156 -0.99999999999999978 -1.0769230769230769 -1.1538461538461535 -1.2195121951219507 -1.2499999999999996 -1.1999999999999995 -0.99999999999999933 -0.58823529411764663 0 0.58823529411764719 1 1.1999999999999997 1.2499999999999996 1.2195121951219507 1.1538461538461535 1.0769230769230766 0.99999999999999978 0.92783505154639145 0.86206896551724133
 -0.80000000000000004 -0.84905660377358494 -0.898876404494382 -0.94594594594594594 -0.98360655737704916 -1 -0.97560975609756095 -0.88235294117647045 -0.68965517241379304 -0.38461538461538453 0 0.38461538461538497 0.68965517241379348 0.88235294117647067 0.97560975609756095 1 0.98360655737704916 0.94594594594594594 0.898876404494382 0.84905660377358483 0.80000000000000004
 -0.73529411764705876 -0.76923076923076916 -0.79999999999999982 -0.82352941176470573 -0.83333333333333326 -0.81967213114754089 -0.76923076923076905 -0.66666666666666641 -0.49999999999999978 -0.27027027027027012 0 0.27027027027027045 0.50000000000000022 0.66666666666666663 0.76923076923076916 0.81967213114754089 0.83333333333333326 0.82352941176470584 0.79999999999999982 0.76923076923076905 0.73529411764705876
 -0.67114093959731536 -0.69230769230769218 -0.70796460176991138 -0.71428571428571408 -0.70588235294117618 -0.67567567567567544 -0.61538461538461509 -0.51724137931034453 -0.37735849056603749 -0.19999999999999987 0 0.20000000000000004 0.37735849056603782 0.51724137931034464 0.61538461538461531 0.67567567567567544 0.70588235294117629 0.71428571428571408 0.70796460176991138 0.69230769230769218 0.67114093959731536
 -0.6097560975609756 -0.6206896551724137 -0.62499999999999989 -0.61946902654867242 -0.59999999999999998 -0.56179775280898869 -0.49999999999999989 -0.41095890410958891 -0.29411764705882337 -0.15384615384615377 0 0.15384615384615394 0.29411764705882371 0.41095890410958896 0.5 0.56179775280898869 0.59999999999999998 0.61946902654867253 0.62499999999999989 0.6206896551724137 0.6097560975609756
 -0.55248618784530379 -0.55555555555555547 -0.55172413793103436 -0.53846153846153832 -0.51282051282051266 -0.47169811320754707 -0.41237113402061837 -0.33333333333333315 -0.23529411764705868 -0.12195121951219505 0 0.12195121951219519 0.23529411764705896 0.33333333333333326 0.41237113402061853 0.47169811320754707 0.51282051282051277 0.53846153846153844 0.55172413793103436 0.55555555555555547 0.55248618784530379
 -0.5 -0.49723756906077349 -0.48780487804878048 -0.46979865771812079 -0.44117647058823534 -0.40000000000000002 -0.34482758620689652 -0.2752293577981651 -0.19230769230769226 -0.099009900990098987 0 0.099009900990099098 0.19230769230769248 0.27522935779816515 0.34482758620689663 0.40000000000000002 0.44117647058823534 0.46979865771812085 0.48780487804878048 0.49723756906077349 0.5


